tree
version=v4
num_class=1
num_tree_per_iteration=1
label_index=0
max_feature_idx=15
objective=binary sigmoid:1
feature_names=rsi ema_dist_fast ema_dist_slow atr_ratio volume_ratio ret_1h ret_6h ret_24h realized_vol downside_vol funding_zscore oi_change_pct btc_1h_return regime breakout_strength spread_pct
feature_infos=[5.1522248243561108:100] [-0.28765913472936128:0.33844120713331949] [-0.41483327349200022:0.44894550722090493] [0.0014771418556907556:0.15581336268947407] [0.03508252058035706:121.57483351668758] [-0.12888869961459015:0.16853270477312909] [-0.26276276276276267:0.63217845277645934] [-0.30164765525982251:1.2302204928664073] [0.074457003967985033:6.5644838980905256] [0.022325911536142145:7.1074155037424545] none none [-0.030945974933798248:0.034525908588434406] [0:1] [0:0.10689366452693273] none
tree_sizes=3437 3452 3425 3456 3496 3440 3499 3463 3476 3455 3441

Tree=0
num_leaves=31
num_cat=0
split_feature=7 8 12 12 2 9 12 12 12 2 8 2 12 12 12 0 2 12 12 2 0 7 0 2 5 0 5 7 8 12
split_gain=287.932 127.834 92.7406 90.386 68.7332 67.8976 53.575 50.5634 50.357 42.9804 38.8459 31.6928 29.2141 27.8318 28.732 22.2809 20.5308 20.3348 20.1225 18.0153 17.5781 41.0689 14.2882 13.3914 12.0389 10.6123 9.58182 9.05962 8.29386 7.45834
threshold=-0.02785540886846782 0.31849056745232235 -0.011103368075038532 -0.00031562889233138764 -0.079877852269945801 0.83525144893172887 0.0091205682468081823 0.0073223402044964034 -0.0037700714729608782 -0.01153160224695024 0.46863341996288504 -0.026639373373809342 -0.00073977352116644235 -0.00017808416224623921 -0.00070945625325141693 56.180555654087584 0.0018031379679214177 0.001531686478564054 0.0042023955599911353 -0.033879656056435059 28.98713564566032 -0.10526360666752503 62.054562849715388 0.0030210490012322062 -0.011796788675848878 62.458766313213211 -0.00015809884171374963 0.006449941579517727 1.0401811413807909 -0.014261725566853177
decision_type=2 2 2 2 2 2 2 2 2 2 2 2 2 2 2 2 2 2 2 2 2 2 2 2 2 2 2 2 2 2
left_child=4 13 11 8 15 9 7 16 10 -5 -4 -3 -10 14 25 18 17 -6 20 -9 21 -1 23 26 29 27 -15 -2 -7 -13
right_child=1 2 3 5 6 28 -8 19 12 -11 -12 24 -14 22 -16 -17 -18 -19 -20 -21 -22 -23 -24 -25 -26 -27 -28 -29 -30 -31
leaf_value=-0.53739670579323018 -0.59959992853375532 -0.58142439059368767 -0.60448211227194815 -0.56680078516654098 -0.57019288994439843 -0.57640307603520868 -0.53832002937981893 -0.6172794138429275 -0.58465041284694552 -0.57800048441551666 -0.57314517400307952 -0.54794777163677277 -0.59654339440900372 -0.58133952375010312 -0.62772436277423227 -0.58277657158727891 -0.54814962663094835 -0.56103529395937923 -0.57379817427291502 -0.57467987852575853 -0.53562917684045064 -0.59222384803642614 -0.60692143628972772 -0.57556472080132082 -0.56315193465022906 -0.61863965343837823 -0.59895529188455154 -0.58123492255677789 -0.5526088437502551 -0.51865124090481729
leaf_weight=31.511289238929749 91.438231438398361 19.904251605272293 37.879328280687332 387.86609220504761 933.767747849226 17.426550477743149 56.752255916595459 24.318664610385895 948.00296172499657 1576.2697755694389 457.36757189035416 21.733869791030884 230.26083174347878 45.50777667760849 36.322088956832886 16.639473736286163 50.555198729038239 301.0583014190197 22.39509841799736 12.829938143491743 121.99330234527588 20.077073723077774 31.034188151359558 75.591443181037903 16.380240559577942 18.48977455496788 67.880352199077606 31.717939674854279 137.68041417002678 29.189496070146561
leaf_count=88 343 69 145 1264 3091 59 160 98 3343 5402 1534 64 853 158 152 58 150 955 75 43 340 73 120 256 52 75 254 110 419 73
internal_value=-0.575249 -0.57931 -0.577649 -0.578363 -0.564355 -0.574245 -0.566847 -0.568115 -0.583589 -0.575775 -0.575564 -0.547177 -0.586977 -0.595492 -0.604289 -0.548404 -0.567117 -0.567933 -0.545573 -0.602364 -0.542086 -0.558235 -0.588376 -0.585264 -0.537427 -0.598066 -0.591861 -0.59478 -0.555132 -0.529967
internal_weight=5869.84 4277.94 3879.96 3792.75 1591.9 2119.24 1379.28 1322.53 1673.51 1964.14 495.247 87.2079 1178.26 397.982 177.968 212.616 1285.38 1234.83 195.977 37.1486 173.582 51.5884 220.014 188.98 67.3036 141.646 113.388 123.156 155.107 50.9234
internal_count=19876 14745 13277 13019 5131 7144 4497 4337 5875 6666 1679 258 4196 1468 680 634 4196 4046 576 141 501 161 788 668 189 528 412 453 478 137
is_linear=0
shrinkage=1


Tree=1
num_leaves=31
num_cat=0
split_feature=7 3 3 4 7 13 3 5 7 8 3 5 4 0 1 3 7 7 3 3 5 0 5 4 3 1 8 0 0 7
split_gain=266.229 136.852 97.3572 58.8516 57.1555 56.8421 56.0967 40.3613 33.2322 20.5089 19.8652 17.0637 20.9098 18.8716 15.3819 15.8361 24.1607 18.6923 12.0388 12.8544 11.5894 11.5541 18.0215 13.4478 8.84947 17.1053 8.04636 7.89703 11.1205 7.35687
threshold=-0.02785540886846782 0.0063411203108882878 0.023846753711470454 0.70072414397653782 0.0058262563845431501 1.0000000180025095e-35 0.033761985912252331 -0.0063456810108151176 0.05089569213910284 1.0465437623835416 0.0077753351016203341 0.0014677921061506673 1.1065515779478508 62.23260606780152 -0.033241826970039606 0.015576655616961596 -0.060292941520479919 -0.044181030158316086 0.0039594367409984477 0.0050718379241267569 0.01440298807544649 33.805910632037488 -0.021287766482275091 2.8885561329442448 0.0050718379241267569 0.0010628469077052101 0.14278843863361659 47.123455341124377 40.521442070430233 -1.0000000180025095e-35
decision_type=2 2 2 2 2 2 2 2 2 2 2 2 2 2 2 2 2 2 2 2 2 2 2 2 2 2 2 2 2 2
left_child=6 11 3 4 9 8 10 -6 -5 -3 -1 12 18 24 21 17 -17 -16 26 -20 -8 22 -12 -23 25 -13 -2 28 -14 -26
right_child=1 2 -4 5 7 -7 20 -9 -10 -11 14 13 27 -15 15 16 -18 -19 19 -21 -22 23 -24 -25 29 -27 -28 -29 -30 -31
leaf_value=0.0090255366901795149 -0.00057607252733561675 0.014615880743052052 0.035786548207002354 0.017629443850880323 0.023970481765538617 -0.024714061321822103 0.056570180067830496 0.0025525823732535451 0.028741619243461625 0.029621317097885451 0.0032334824356946394 -0.014344710625564753 0.0054828762124576377 -0.015603129354161116 0.034602134153165723 0.01091978588953856 0.026196321843013515 0.02432414425421291 0.0083752200624106748 -0.0080746384382469772 0.030598336355725099 0.034864861255586542 0.031749632742527623 0.058255082965002529 0.033011571364190459 0.016496027929003794 -0.018033456225002197 0.00013343964424463505 0.036481784667054047 0.01149411097246192
leaf_weight=54.115930914878845 32.026877239346504 782.60193565487862 218.2577411532402 1572.5336932241917 88.66040363907814 25.815154999494553 75.295150846242905 685.86800231039524 290.8623566031456 92.556540802121162 24.682215973734856 24.147618696093559 24.876718282699585 23.471520200371742 309.11161026358604 136.75684402883053 312.70401427149773 369.8186823874712 68.982364922761917 108.70592187345028 25.44277186691761 153.25835831463337 114.72216300666332 29.265646725893021 26.790219783782959 44.393691048026085 96.091841951012611 37.141786575317383 17.832489773631096 34.267804205417633
leaf_count=189 118 2682 676 5315 291 104 207 2475 935 295 88 94 89 92 961 474 1011 1207 244 411 80 474 361 79 84 151 379 136 55 119
internal_value=0.0182277 0.0143253 0.0163523 0.0151431 0.0109868 0.0187632 0.0286542 0.00503591 0.0193801 0.0162383 0.0271632 0.00017858 -0.00318016 0.00862602 0.0278313 0.0261039 0.0215894 0.0290521 -0.00675553 -0.00166053 0.0504053 0.0337768 0.0267811 0.0389286 0.013123 0.00553743 -0.013731 0.0103896 0.0190331 0.0213634
internal_weight=5901.06 4295.88 3757.16 3538.9 1649.69 1889.21 1605.17 774.528 1863.4 875.158 1504.44 538.729 385.658 153.071 1450.32 1128.39 449.461 678.93 305.807 177.688 100.738 321.928 139.404 182.524 129.599 68.5413 128.119 79.851 42.7092 61.058
internal_count=19876 14745 12773 12097 5743 6354 5131 2766 6250 2977 4844 1972 1432 540 4655 3653 1485 2168 1152 655 287 1002 449 553 448 245 497 280 144 203
is_linear=0
shrinkage=0.03


Tree=2
num_leaves=31
num_cat=0
split_feature=7 3 3 2 4 2 13 7 7 0 3 9 5 4 0 3 5 0 7 9 4 3 3 4 9 5 3 2 5 0
split_gain=246.628 127.619 89.9693 60.0319 54.657 88.1551 53.3666 30.7494 22.6993 20.3508 19.0984 18.0407 16.0402 19.7198 17.7684 15.9558 15.0334 14.712 31.3048 16.7715 11.6991 11.4115 12.1087 11.1755 9.22017 8.35921 8.27641 15.1585 7.73035 7.393
threshold=-0.02785540886846782 0.0063411203108882878 0.023846753711470454 -0.079877852269945801 0.70072414397653782 -0.013237479958567692 1.0000000180025095e-35 0.04922336704629638 0.0058262563845431501 56.180555654087584 0.033761985912252331 1.0277890498626003 0.0014677921061506673 1.1065515779478508 62.23260606780152 0.006432870406907213 -0.0035596239270444525 34.599048069696913 -0.10526360666752503 1.011318989571393 1.6044356934066597 0.0039594367409984477 0.0050718379241267569 0.85819683436592775 0.057144826289667473 -0.0061027363113030355 0.0048669296846506286 -0.0025056641829279262 0.0036158722784597201 47.123455341124377
decision_type=2 2 2 2 2 2 2 2 2 2 2 2 2 2 2 2 2 2 2 2 2 2 2 2 2 2 2 2 2 2
left_child=3 12 4 9 5 16 7 -6 -7 17 11 15 13 21 26 -5 -3 18 -1 -20 25 24 -23 -17 -2 -13 27 -14 -28 -15
right_child=1 2 -4 10 6 8 -8 -9 -10 -11 -12 20 14 29 -16 23 -18 -19 19 -21 -22 22 -24 -25 -26 -27 28 -29 -30 -31
leaf_value=0.048301470254085828 0.0084099291585491964 0.031839521362845194 0.03438067953924142 -0.001836389190213956 0.016955144867962423 0.011272326598702826 -0.024167046682040502 0.027353933246914437 0.0031693545202124696 0.0097803347405536825 0.046405079589976084 0 -0.020235709589759558 0.01839757117818807 -0.015222025818240999 0.023450242318624172 0.018910352668343421 0.052206858153136124 0.030070319591784467 -0.012782760239485361 -0.004707591367944801 0.0081081225021903368 -0.0078529276066976201 0.029506957229572365 -0.01628239754883205 0.021410009729113989 0.028665523921596579 0.013140900596973076 0.0078130147596726027 0.00012953736809568194
leaf_weight=53.035502210259438 14.663529962301252 123.38089871406555 220.37465289235115 18.093227192759514 1562.2473410665989 559.76400823891163 25.632905095815659 311.1491781771183 704.66336345672607 16.874940261244774 38.047253981232643 19.4639523178339 15.453108564019201 42.930221393704414 23.364068031311035 637.10826309025288 266.89569315314293 116.36573269963264 16.389550089836124 14.662176042795179 23.118833512067795 69.147516891360283 108.45386056602001 555.69224202632904 112.94229002296925 108.55972996354103 38.326386719942093 46.812531813979149 29.467223510146141 37.143211707472801
leaf_count=149 52 387 676 66 5256 1935 104 994 2532 58 108 70 62 144 92 2064 889 320 51 56 85 244 411 1749 445 355 122 161 103 136
internal_value=0.0175947 0.013841 0.0157902 0.0275872 0.0146272 0.0106256 0.018105 0.0186975 0.006765 0.0423254 0.0252687 0.0246425 0.000175464 -0.00308621 0.00835263 0.0258728 0.0230763 0.0449881 0.034467 0.00997461 0.0146612 -0.00656841 -0.00161123 0.0262968 -0.0133783 0.0181914 0.0126943 0.00462114 0.0198907 0.0100668
internal_weight=5930.22 4312.81 3774.11 1617.41 3553.73 1654.7 1899.03 1873.4 1264.43 217.328 1400.08 1362.04 538.704 385.281 153.423 1210.89 390.277 200.453 84.0872 31.0517 151.143 305.207 177.601 1192.8 127.606 128.024 130.059 62.2656 67.7936 80.0734
internal_count=19876 14745 12773 5131 12097 5743 6354 6250 4467 634 4497 4389 1972 1432 540 3879 1276 576 256 107 510 1152 655 3813 497 425 448 223 225 280
is_linear=0
shrinkage=0.03


Tree=3
num_leaves=31
num_cat=0
split_feature=7 3 3 2 4 2 13 7 3 7 8 0 5 4 3 7 7 1 2 0 0 7 0 5 5 3 4 3 1 3
split_gain=228.781 119.092 83.3036 55.5589 51.096 87.0625 48.8295 24.9591 19.0294 17.4388 16.9745 15.2819 20.5358 20.172 14.8927 32.4877 28.929 29.4511 23.208 18.85 14.8073 27.381 12.855 10.5783 8.83078 7.97464 7.77373 7.54274 15.5084 7.1363
threshold=-0.02785540886846782 0.0063411203108882878 0.023846753711470454 -0.076035593833736814 0.64384132979675945 -0.013237479958567692 1.0000000180025095e-35 0.052650059136605594 0.033761985912252331 0.0058262563845431501 3.3255312225487299 62.458766313213211 0.0014677921061506673 1.1065515779478508 0.017077757101773949 -0.058968282554260558 -0.043480289341193017 -0.010717471454763041 -0.052591318589251833 34.352043107319204 28.98713564566032 -0.10526360666752503 52.64769329381177 -0.0035596239270444525 -0.0014365236591757367 0.0045065292094287916 1.0067276048115203 0.0050718379241267569 0.0010628469077052101 0.0039594367409984477
decision_type=2 2 2 2 2 2 2 2 2 2 2 2 2 2 2 2 2 2 2 2 2 2 2 2 2 2 2 2 2 2
left_child=3 11 4 10 5 23 7 -6 14 -7 20 12 13 29 16 22 19 -18 -17 -5 21 -1 -16 -3 -15 -13 -8 28 -14 -2
right_child=1 2 -4 8 6 9 26 -9 -10 -11 -12 25 27 24 15 18 17 -19 -20 -21 -22 -23 -24 -25 -26 -27 -28 -29 -30 -31
leaf_value=0.046376017104536801 -0.011540494930623915 0.030530297245436419 0.033061418659815843 0.021419561599081306 0.016358460617216797 0.0099394945607881799 -0.0030657958165345046 0.025906076351857706 0.045980264056557002 0.0024305142120247957 0.015064579808581302 -0.021679049551046919 -0.013862847395294768 0.0028434031352077248 0.0038237878412343018 0.041531870333314028 0.013659945700363652 0.028960960753619001 0.020057998829707203 0.035062178631629297 0.047101973133416908 0.0043256773455619879 0.02733231798710245 0.019078734072740598 0.024016411503560865 -0.0010981839507422533 -0.033714678260613133 0.019713608562297421 0.015512351991401769 -0.0015210278258471182
leaf_weight=31.412040159106255 107.31645324826241 112.79065531492233 222.30283135175705 137.47812733054161 1760.0441836714745 502.5189872533083 13.924140214920046 291.76986190676689 35.579643845558167 627.52151717245579 24.455404698848724 38.974682167172432 24.008414089679718 41.293791458010674 129.64806634187698 60.229700982570648 264.81418201327324 203.25494985282421 201.04257754981518 326.54443395137787 164.84830470383167 25.140620470046997 24.19804248213768 242.88644251227379 30.993484824895859 30.160219386219978 16.214436247944832 61.958537593483925 44.753854274749756 159.18758001923561
leaf_count=87 417 351 676 444 5897 1739 52 928 99 2259 80 158 94 148 456 176 889 635 654 987 459 89 76 802 101 112 69 204 151 587
internal_value=0.0169897 0.0133767 0.0152522 0.0265765 0.0141327 0.00986634 0.0171695 0.0177296 0.0241993 0.00577818 0.0397821 0.000171077 0.00212355 -0.00177182 0.0235882 0.0187275 0.0257274 0.0203583 0.0251592 0.0310814 0.0424189 0.0281345 0.00769339 0.022794 0.0121662 -0.0128871 -0.0202043 0.0121788 0.00516127 -0.00559496
internal_weight=5957.27 4328.62 3789.97 1628.65 3567.67 1485.72 2081.95 2051.81 1382.79 1130.04 245.856 538.647 469.512 338.791 1347.21 415.118 932.092 468.069 261.272 464.023 221.401 56.5527 153.846 355.677 72.2873 69.1349 30.1386 130.721 68.7623 266.504
internal_count=19876 14745 12773 5131 12097 5151 6946 6825 4416 3998 715 1972 1702 1253 4317 1362 2955 1524 830 1431 635 176 532 1153 249 270 121 449 245 1004
is_linear=0
shrinkage=0.03


Tree=4
num_leaves=31
num_cat=0
split_feature=9 3 3 6 4 2 12 12 2 12 12 12 12 6 12 12 2 6 12 12 3 12 12 12 9 12 4 3 0 5
split_gain=211.941 93.2061 69.16 58.3168 55.2311 61.7967 43.4015 36.9751 36.8063 30.1747 50.6892 28.0541 34.9242 29.2558 28.4363 27.407 37.8197 36.6378 26.7464 26.1656 22.9821 22.926 18.5419 18.1738 19.3157 17.8565 15.5155 14.8612 14.7195 13.8825
threshold=0.51356413631312037 0.0063411203108882878 0.033761985912252331 -0.016827745298209792 0.78115778917878098 -0.0090481077448606468 -0.00034334941861235974 -0.00039878523163250351 -0.052591318589251833 0.0040847627293987285 0.0037589172496880212 0.0034263431769867574 0.0043337178839061305 1.0000000180025095e-35 -0.011807126902955154 0.008881999498462469 0.0085712994948572863 0.0024737897473960939 -0.00045802658586330253 0.0016440333885487937 0.011187897772171135 -0.00017808416224623921 -0.011103368075038532 -0.00069142762134305469 0.19992866077568403 -0.0001127824863955129 1.4913669144076869 0.017175231555376817 62.650602409638566 -0.0044518183415521153
decision_type=2 2 2 2 2 2 2 2 2 2 2 2 2 2 2 2 2 2 2 2 2 2 2 2 2 2 2 2 2 2
left_child=1 21 3 7 5 29 18 8 26 10 19 14 -13 -14 -6 17 -17 -11 -7 -5 -16 23 -10 -1 -25 -8 -2 -9 -23 -3
right_child=2 4 -4 9 11 6 25 27 22 15 -12 12 13 -15 20 16 -18 -19 -20 -21 -22 28 -24 24 -26 -27 -28 -29 -30 -31
leaf_value=-0.0020972365610030692 0.043313077198329171 0.025594376517442768 0.040940918417573614 0.017134362378935609 0.043858877323150074 1.7128829846042949e-05 0.025542103605314854 0.045343085180912276 0.035141936648219893 0.018216620252962851 0.059316367658650719 0.044072461067031651 0.038995779037474948 0.014663820793410089 0.019299080647260956 0.034595619077888239 -0.013262084491796368 -0.012197912031757348 -0.034421335854790229 0.028554772057843205 0.010796537827847617 0.0082884907259143433 0.011151976519069637 -0.03615037092878725 0.0015998346346168524 0.0089520629032392562 0.024901192702526994 0.030512690774004494 -0.011672174072895192 0.014985931068261096
leaf_weight=183.5353124588728 81.544699564576149 150.75545439124107 190.87533904612064 934.77874037623405 31.29650753736496 407.24521388113499 65.374727293848991 133.00189884006977 34.085920989513397 60.31003013253212 28.714570760726929 73.866306111216545 58.208039134740829 193.34877562522888 588.78253656625748 57.791100218892097 19.179916024208069 84.138312920928001 20.351474434137344 228.54778495430946 571.58191457390785 271.43497116863728 185.97396641969681 31.913286924362183 19.017439976334572 534.05792896449566 98.253119856119156 138.54761208593845 36.868740007281303 468.89185982942581
leaf_count=680 232 476 543 3084 89 1471 211 379 102 197 75 213 172 645 1931 173 72 315 85 712 1940 954 628 137 69 1854 306 424 144 1563
internal_value=0.016412 0.0119803 0.0236203 0.0220142 0.0139502 0.0101307 0.00560321 0.0293184 0.0233846 0.0185243 0.0204161 0.0180846 0.0259305 0.020438 0.0159196 0.00828003 0.0226146 0.000518066 -0.00169146 0.0194032 0.0151263 0.000487793 0.0150236 -0.00656068 -0.0222374 0.0108059 0.0334616 0.0379272 0.00586176 0.0176088
internal_weight=5982.27 3706.53 2275.74 2084.87 3163.76 1646.68 1027.03 671.407 399.858 1413.46 1192.04 1517.08 325.423 251.557 1191.66 221.419 76.971 144.448 427.597 1163.33 1160.36 542.77 220.06 234.466 50.9307 599.433 179.798 271.55 308.304 619.647
internal_count=19876 12634 7242 6699 10650 5660 3621 2071 1268 4628 3871 4990 1030 817 3960 757 245 512 1556 3796 3871 1984 730 886 206 2065 538 803 1098 2039
is_linear=0
shrinkage=0.03


Tree=5
num_leaves=31
num_cat=0
split_feature=3 2 3 2 13 4 4 5 3 5 8 3 0 0 2 0 8 4 8 4 3 2 3 8 5 0 0 0 5 8
split_gain=185.674 122.31 60.9577 55.3619 41.0211 39.7259 32.6354 30.1998 24.3823 27.0391 23.3322 20.0163 18.6625 17.6736 14.652 11.9691 14.5188 14.3204 12.688 17.0572 16.9843 10.0573 8.75059 8.01776 7.99011 20.5288 11.0418 7.90715 7.38373 6.81146
threshold=0.0069735449067396659 -0.012702459155529386 0.023846753711470454 -0.079877852269945801 1.0000000180025095e-35 0.69070384144611818 0.92785573554408984 -0.015922672061975725 0.0039594367409984477 0.0018196797724252536 3.3255312225487299 0.0063411203108882878 30.302135352342074 44.739357955117349 -0.0014465040698568676 48.237681135730206 1.3969395815989281 0.6610706663896927 0.60238674974372219 1.2293273678091043 0.015033134896285473 -0.11923112916624938 0.03601199795945853 0.60566173467219142 -0.0017339392111779259 46.391752577319615 33.533721618418568 45.637583892617435 -0.00035566094157257749 0.4219226501604591
decision_type=2 2 2 2 2 2 2 2 2 2 2 2 2 2 2 2 2 2 2 2 2 2 2 2 2 2 2 2 2 2
left_child=6 3 4 10 5 13 8 -7 9 -1 12 29 21 -3 -6 18 17 -17 19 -5 -20 -2 -4 24 25 -10 -26 -13 -29 -8
right_child=1 2 22 15 14 7 11 -9 23 -11 -12 27 -14 -15 -16 16 -18 -19 20 -21 -22 -23 -24 -25 26 -27 -28 28 -30 -31
leaf_value=-0.018930189230850061 0.041305534368883901 0.015136725282629986 0.024200450862216914 0.01205809166674051 -0.030535744384697108 0.037569886471544696 0.0076820519165328761 0.015335916524890598 0.0098848263201329941 0.024962120660414158 0.0082236025471413739 0.0094129893383094708 0.0468710980033979 0.0068197640267198241 0.0031286158062471159 0.021132086773536243 0.031163257099018318 0.012137782648519642 0.028452735960143635 0.027484590733890688 0.020618109836495483 0.015571866757914036 0.038097444604985924 -0.016939015253666524 -0.020903867739310935 -0.020379071774764689 0.0061494716718533534 0.018722448160121932 0.048983622943495592 -0.01227981257567165
leaf_weight=115.68798467516899 23.224579483270645 308.87135437130928 112.40590524673462 194.83346435427666 24.891182824969292 56.898151651024818 160.84086203575134 1471.1555943787098 37.047017812728882 13.241005197167395 23.261850789189339 16.798719584941864 135.67756448686123 920.21890614926815 20.556623250246048 325.97228917479515 70.076595455408096 327.92386646568775 525.64318835735321 99.013811677694321 517.52238067984581 37.704659670591354 77.41707119345665 20.213408678770065 13.369735211133955 41.943370282649994 242.68381001055241 15.977827697992323 17.369000285863876 15.996764630079268
leaf_count=465 64 1036 350 651 102 167 566 4874 129 43 77 57 365 3218 74 1043 211 1094 1620 307 1655 123 221 78 53 166 857 52 48 61
internal_value=0.0156723 0.0176126 0.0136128 0.0228506 0.0124879 0.0129558 0.00127645 0.0161898 -0.00311981 -0.0142419 0.0372079 0.01064 0.0405631 0.00892287 -0.0155048 0.0213001 0.0181014 0.0166515 0.0230152 0.0173419 0.0245923 0.0259379 0.0300538 0.000936827 0.00207141 -0.00620147 0.0046494 0.0272005 0.0355388 0.00580053
internal_weight=5984.44 5273.27 2992.41 2280.85 2802.59 2757.14 711.17 1528.05 484.186 128.929 219.869 226.983 196.607 1229.09 45.4478 2060.99 723.973 653.896 1337.01 293.847 1043.17 60.9292 189.823 355.257 335.044 78.9904 256.054 50.1455 33.3468 176.838
internal_count=19827 17252 10042 7210 9471 9295 2575 5041 1791 508 629 784 552 4254 176 6581 2348 2137 4233 958 3275 187 571 1283 1205 295 910 157 100 627
is_linear=0
shrinkage=0.03


Tree=6
num_leaves=31
num_cat=0
split_feature=7 3 12 12 12 3 12 7 3 12 2 9 2 3 3 3 12 7 12 12 12 0 0 0 12 12 12 12 12 9
split_gain=189.558 111.417 86.1805 72.1758 57.3926 43.9735 41.9546 41.6589 39.5484 35.1561 31.2714 26.781 27.0598 26.8273 23.4729 23.2106 20.2554 17.2006 13.1317 12.2264 11.7764 14.8313 11.0698 23.3841 9.56991 17.8122 19.7375 17.0003 12.9609 9.50614
threshold=-0.030352876098289457 0.0063411203108882878 -0.011103368075038532 -0.00031562889233138764 -0.0060339693624368853 0.03601199795945853 3.3193339087800318e-05 -0.0047606548042619093 0.022212884239774737 0.00040764891675959541 -0.019295762326096536 1.4530625028223949 -0.079877852269945801 0.015033134896285473 0.0070498100764196216 0.0094748591046044574 0.0014084426869395152 -0.070533042654426933 -0.0071750427282145082 0.00093646613790909783 -0.00017808416224623921 46.391752577319615 50.407611705544895 29.415741839095684 0.00088344014109476021 0.0013429020109623215 0.0019362371361836275 0.00046138260271011427 -0.0001127824863955129 0.17628694891781149
decision_type=2 2 2 2 2 2 2 2 2 2 2 2 2 2 2 2 2 2 2 2 2 2 2 2 2 2 2 2 2 2
left_child=5 20 10 4 7 11 15 -4 -6 -8 -3 12 18 14 -14 -5 22 -15 -1 -7 21 29 23 -13 27 -26 -27 28 -22 -2
right_child=1 2 3 6 8 19 9 -9 -10 -11 -12 16 13 17 -16 -17 -18 -19 -20 -21 24 -23 -24 -25 25 26 -28 -29 -30 -31
leaf_value=0.019798617893643192 -0.0056434479579495428 0.018992329156189352 0.0054582517627382613 0.01514302002323663 0.0050656739273035592 0.053296929200401556 0.0025117825122562198 0.031946917003895563 0.023899919254280109 0.016571678156772494 0.055075535088759064 -0.005366674616827426 -0.001805038316939374 0.0079215603036729264 0.027721035775536369 0.034707766219991151 -0.015076044348938779 0.020601892392927239 0.044202264268712439 0.028373517736679552 0.024191790149673167 -0.012116452945825532 -0.0061280494233225116 0.040643948298464447 -0.019371811321455247 0.020438297470803668 -0.0044636297303186452 0.022016701313207904 -0.0052736173782346202 0.013298277689086915
leaf_weight=29.783839672803879 49.529708445072174 36.414477273821831 84.465628653764725 84.904100194573402 1407.9940294623375 57.430195569992065 177.89064493775368 148.1993837505579 107.29403777420521 1680.9879489988089 59.598072364926338 15.115670442581175 24.831478163599968 128.99504052102566 661.94795522093773 169.24028007686138 26.258565917611122 411.69916258752346 84.61207289993763 32.582914412021637 15.670671448111532 137.70295608043671 14.037855982780455 26.361530750989914 38.474665731191635 41.441741332411766 87.000229686498642 53.241648867726326 68.157938450574875 44.065508306026459
leaf_count=92 187 116 290 282 4903 145 623 450 333 5515 155 54 89 435 2020 510 98 1302 229 96 51 536 50 73 152 137 322 176 254 152
internal_value=0.0151488 0.0120489 0.0137863 0.0130793 0.00855808 0.0243325 0.0168121 0.0224079 0.00641614 0.0152299 0.0417581 0.0230109 0.0240275 0.0226835 0.026648 0.0282683 0.00620353 0.0176025 0.0381012 0.044719 -0.000790088 -0.00588234 0.0164105 0.0240739 0.00308126 -0.0017274 0.00364361 0.00892881 0.000419444 0.00328909
internal_weight=6005.93 4492.27 3956.99 3860.98 1747.95 1513.66 2113.02 232.665 1515.29 1858.88 96.0125 1423.64 1341.87 1227.47 686.779 254.144 81.7736 540.694 114.396 90.0131 535.285 231.298 55.5151 41.4772 303.987 166.917 128.442 137.07 83.8286 93.5952
internal_count=19827 15144 13177 12906 5976 4683 6930 740 5236 6138 271 4442 4167 3846 2109 792 275 1737 321 241 1967 875 177 127 1092 611 459 481 305 339
is_linear=0
shrinkage=0.03


Tree=7
num_leaves=31
num_cat=0
split_feature=7 3 3 3 2 4 5 8 7 9 2 3 3 6 6 3 4 2 6 6 5 8 5 2 6 5 6 7 6 5
split_gain=176.721 104.205 51.6603 40.9961 31.0732 59.2015 34.1947 29.4964 25.6952 23.9699 30.9366 25.7819 21.8481 19.5702 17.9031 13.4272 16.1151 13.0006 12.8641 12.5746 14.2437 12.1194 11.6734 10.7195 10.463 10.3648 9.3044 9.04389 8.92629 8.43599
threshold=-0.030352876098289457 0.0063411203108882878 0.021986714750063859 0.038312005485196581 -0.01428468752595544 0.7448262014246122 -0.015922672061975725 0.96976655257558486 -0.0093159462120028218 1.4530625028223949 -0.079877852269945801 0.015033134896285473 0.0070498100764196216 -0.020633159602520042 0.0076391201417844732 0.0041815413995212993 0.83174164789770944 -0.015986383092095095 0.010805374622880339 -0.0014218106594784394 0.0040900206515001045 0.3657693894937189 -0.0089037377478321505 0.10520429951912616 -0.051805230691025432 -0.018120257591321406 -0.055137149932666989 0.006141685340628201 -0.0073343229407477608 -0.0002448718717464326
decision_type=2 2 2 2 2 2 2 2 2 2 2 2 2 2 2 2 2 2 2 2 2 2 2 2 2 2 2 2 2 2
left_child=3 14 4 9 7 8 -7 17 -6 10 25 12 -12 -13 15 16 -2 -3 24 -17 -21 -16 -9 29 -11 -1 -27 -18 -5 -4
right_child=1 2 23 28 5 6 -8 22 -10 18 11 13 -14 -15 21 19 27 -19 -20 20 -22 -23 -24 -25 -26 26 -28 -29 -30 -31
leaf_value=0.020486249893587088 -0.01530610523754967 0.012756610674645442 0.028020334744705531 0.053980518704856338 0.01389806150170044 0.039100080017055672 0.014274246427600652 0.014332977823607915 0.0043739303727503894 -0.008176244629295247 -0.0017537609317648738 0.023980751231435306 0.026730853867878469 0.01224885770051639 0.020589308352648002 0.0081105164389831813 -0.0052529201485300176 0.0250047353984456 -0.015908607357774409 -0.0085293141653779644 0.023053846502693272 -0.0068398947583392516 0.033646463043604379 0.039105959240942109 0.019053762173513813 0.056880086981902243 0.034733431380367386 0.015891769012399609 0.031217565688947475 0.016462206834456181
leaf_weight=27.797481656074524 125.40945795178413 529.26190832257271 132.88914842903614 44.387169316411018 331.78309053182602 51.335541218519211 1403.0529567748308 40.100679367780685 1105.8076296746731 15.932385593652723 24.820200949907303 213.87148785591125 665.84999606013298 333.09423281252384 51.859858781099319 131.0940560400486 52.64654952287674 93.220085114240646 17.054102554917336 114.90918233990669 13.448007598519323 19.210481107234955 123.1164576113224 45.678554698824883 51.604999184608459 31.409265413880348 61.049400314688683 26.516644835472107 34.159621804952621 113.52754805982113
leaf_count=85 499 1748 400 110 1106 145 4622 131 3879 57 89 660 2020 1091 172 461 197 291 64 433 43 72 366 128 162 77 171 90 97 361
internal_value=0.0146468 0.0116556 0.0133304 0.0234904 0.0123579 0.0109103 0.0151788 0.0176617 0.00658223 0.0223068 0.0232732 0.021821 0.0257018 0.0168771 -0.000765596 -0.00292575 -0.00865557 0.0146328 0.0066673 0.00159649 -0.00504451 0.0131415 0.0290358 0.0254812 0.0125607 0.0378915 0.0428171 0.00190221 0.0446356 0.0227955
internal_weight=6025.9 4504.87 3969.77 1521.03 3677.68 2891.98 1454.39 785.699 1437.59 1442.48 1357.89 1237.64 690.67 546.966 535.094 464.024 204.573 622.482 84.5915 259.451 128.357 71.0703 163.217 292.095 67.5374 120.256 92.4587 79.1632 78.5468 246.417
internal_count=19827 15144 13177 4683 12288 9752 4767 2536 4985 4476 4193 3860 2109 1751 1967 1723 786 2039 283 937 476 244 497 889 219 333 248 287 207 761
is_linear=0
shrinkage=0.03


Tree=8
num_leaves=31
num_cat=0
split_feature=9 8 12 12 6 12 13 12 6 12 4 12 0 5 4 6 9 12 13 8 5 4 6 8 12 6 12 9 6 12
split_gain=145.406 68.9836 64.1577 57.6709 55.8526 65.1215 65.7725 54.4164 52.7768 42.7448 38.5325 34.2998 25.922 24.3153 24.0819 23.3469 28.2535 21.6805 55.1369 26.7184 20.6346 19.5953 17.5326 17.3601 21.48 17.0075 16.5376 16.3043 16.0909 15.9586
threshold=0.51030066096889304 0.31849056745232235 -0.0060339693624368853 0.0011980252091555734 -0.016827745298209792 0.0042023955599911353 1.0000000180025095e-35 0.008881999498462469 0.0054233611529834755 -0.0053183970419087281 2.3699206420275964 0.0074552189173331404 32.576934644078484 -0.002326354527461771 0.89776112599733238 0.0058011739772373403 1.0709293334170995 -0.00039878523163250351 1.0000000180025095e-35 0.8259133646875535 0.0015854753028317072 2.1767153608874472 -0.0026621676579252069 0.677267322975867 0.0059197141442823851 -0.0055558733115806938 -0.0070463037365207639 0.64203300709819056 0.016575514549628915 -0.0025299240639197191
decision_type=2 2 2 2 2 2 2 2 2 2 2 2 2 2 2 2 2 2 2 2 2 2 2 2 2 2 2 2 2 2
left_child=1 14 26 9 17 6 8 11 12 -4 -11 28 -6 -10 20 16 -8 18 19 27 22 -9 -1 25 -25 -5 -3 -2 -7 -21
right_child=4 2 3 23 5 7 15 21 13 10 -12 -13 -14 -15 -16 -17 -18 -19 -20 29 -22 -23 -24 24 -26 -27 -28 -29 -30 -31
leaf_value=0.00079433174979458439 0.01102693412163174 0.021915349783739786 -0.019514553603202291 0.02850258456261728 -0.0027555157621121334 0.0077656627429062604 -0.013822021179294892 0.028803575435689694 0.035521071953600235 0.007677821062447558 0.028004469466606272 -0.030532859931446724 0.016892397798727095 0.022798844120085076 0.0081264194370454113 -0.02505420398736968 0.037953676627342108 0.033151072101653078 0.05799928834849985 0.02616165441797284 0.010313778871719073 -0.0061327280804137005 -0.017724361636147341 0.0071383315353861923 0.022528029455679915 0.016833987296280231 0.040282291611142752 -0.020850496415318769 -0.017167786426438257 0.0097924969796707433
leaf_weight=70.274695873260498 61.47658109664917 170.48367224633694 49.01846170425415 154.3973922431469 67.379589408636093 80.706825375556946 21.174956396222115 67.623455852270126 212.55549591779709 1946.2555911839008 87.044406279921532 43.189281418919563 544.73811312019825 412.02644781768322 151.84013800323009 36.015362292528152 15.59930646419525 296.78702239692211 35.824897259473801 285.83507859706879 48.86166425049305 17.739078134298325 130.18278861045837 281.07359936833382 115.58970043063164 459.23180942237377 63.289766266942024 17.767170712351799 31.573694035410881 68.726464912295341
leaf_count=259 201 531 186 471 235 270 80 201 616 6637 266 171 1744 1285 530 141 44 860 89 857 169 63 522 951 362 1494 181 67 119 225
internal_value=0.014166 0.0104912 0.0119081 0.0107541 0.0200703 0.0167686 0.019404 0.00240557 0.0210355 0.00789137 0.00856281 -0.00814174 0.0147238 0.0271831 -0.00125127 -0.00818392 0.00848467 0.0267146 0.0225789 0.0195202 -0.0069841 0.0215218 -0.0112456 0.016638 0.0116759 0.0198164 0.027051 0.00367157 0.000638145 0.0230336
internal_weight=6044.28 3727.54 3326.38 3092.61 2316.74 1550.32 1309.49 240.832 1236.7 2082.32 2033.3 155.47 612.118 624.582 401.159 72.7896 36.7743 766.417 469.63 433.805 249.319 85.3625 200.457 1010.29 396.663 613.629 233.773 79.2438 112.281 354.562
internal_count=19827 12559 11079 10367 7268 4969 4145 824 3880 7089 6903 560 1979 1901 1480 265 124 2299 1439 1350 950 264 781 3278 1313 1965 712 268 389 1082
is_linear=0
shrinkage=0.03


Tree=9
num_leaves=31
num_cat=0
split_feature=7 3 3 3 13 2 9 7 9 2 3 3 7 9 8 5 0 1 5 9 9 9 5 3 1 3 7 0 1 2
split_gain=159.197 92.2614 46.6631 37.7924 34.9613 32.5656 39.3361 33.0356 23.6514 22.5699 23.7927 20.0585 15.9999 15.7675 15.4561 13.8509 16.2735 10.9179 9.92739 9.59005 9.48927 8.98557 8.26733 13.244 8.05151 7.76093 12.5797 7.90761 7.37226 8.07366
threshold=-0.030352876098289457 0.0063411203108882878 0.023846753711470454 0.03601199795945853 1.0000000180025095e-35 -0.0061943350397973143 0.59350920279511177 0.04922336704629638 1.4530625028223949 -0.079877852269945801 0.015033134896285473 0.0070498100764196216 -0.070533042654426933 0.74677356708326015 0.72108368210656626 0.0015247986917603653 43.112705704979611 -0.055308442472332818 -0.018120257591321406 0.73267502995279898 0.3091207410821335 1.3253246554358158 -0.010033444816053559 0.014809161525429135 0.056841087167960623 0.0039594367409984477 -0.012963676308630876 58.646616541353339 -0.004084636082101834 -0.0078226204433590584
decision_type=2 2 2 2 2 2 2 2 2 2 2 2 2 2 2 2 2 2 2 2 2 2 2 2 2 2 2 2 2 2
left_child=3 15 4 8 5 6 -3 -7 9 18 11 -11 -12 14 -6 16 28 -5 -1 -20 -17 -19 -10 -24 -4 27 -27 -18 29 -2
right_child=1 2 24 17 13 7 -8 -9 22 10 12 -13 -14 -15 -16 20 25 21 19 -21 -22 -23 23 -25 -26 26 -28 -29 -30 -31
leaf_value=0.017496169298266279 0.005298425378584843 0.012978974905769788 0.022559348946964413 0.051271584626160924 -0.01427007056461461 0.0081882942197914754 0.025321105997514737 0.017360732459655377 0.023744708368111204 -0.0019966513448290918 0.0065287754791962379 0.025250010860662336 0.018681404733559517 -0.026607368934738779 0.022103779682506073 0.010050992049955996 -0.0088038791141491855 0.043890207499363156 0.018636762005279042 0.044597143932536061 -0.01030035189457915 0.01577315698080798 0.022576254673389924 -0.0075434145270756184 0.03727037455165938 -0.026558290258639716 -0.00023015992941350695 -0.026676047934414911 -0.0014345465300068525 0.030359053792831582
leaf_weight=27.11053754389286 37.20455963909626 1046.7075470685959 177.18438598513603 46.850289687514305 21.902606949210167 1919.7208910137415 301.38407689332962 434.87838368117809 16.032588332891464 24.87243241071701 130.20875580608845 671.31695246696472 416.49244675040245 27.599006712436676 18.414313942193985 128.00723421573639 82.61317552626133 19.535287916660309 18.698934629559517 70.364023983478546 23.561701089143753 25.006438180804253 16.761177241802216 49.462255373597145 46.09188275039196 17.650891870260239 133.55491176247597 30.992103949189186 65.13828806579113 16.450121596455574
leaf_count=83 132 3436 535 115 84 6505 921 1397 47 89 435 2020 1302 111 60 440 321 50 56 182 88 76 51 177 128 72 490 131 241 52
internal_value=0.013702 0.0108683 0.0124353 0.0220612 0.0116388 0.0120308 0.0157572 0.00989031 0.0208426 0.0217886 0.0205672 0.0242708 0.0158097 -0.0095571 0.00240356 -0.000822266 -0.0038599 0.0408137 0.0345435 0.0394475 0.00682089 0.0288637 0.00510182 0.000257695 0.0257622 -0.00799383 -0.00347756 -0.0138959 0.00532013 0.0134516
internal_weight=6061.77 4529.06 3993.88 1532.71 3770.61 3702.69 1348.09 2354.6 1441.32 1359.06 1242.89 696.189 546.701 67.9159 40.3169 535.173 383.604 91.392 116.173 89.063 151.569 44.5417 82.256 66.2234 223.276 264.811 151.206 113.605 118.793 53.6547
internal_count=19827 15144 13177 4683 12514 12259 4357 7902 4442 4167 3846 2109 1737 255 144 1967 1439 241 321 238 528 126 275 228 663 1014 562 452 425 184
is_linear=0
shrinkage=0.03


Tree=10
num_leaves=31
num_cat=0
split_feature=7 8 3 4 2 4 3 9 4 5 7 3 9 13 13 2 1 9 7 2 8 2 1 2 1 5 3 5 8 2
split_gain=159.971 69.2233 58.0902 47.0823 53.8266 47.1467 36.8505 24.0191 20.3488 19.3732 17.8616 16.8864 16.5692 28.9083 26.394 105.488 15.1935 14.9063 13.228 13.8776 12.6919 13.1553 14.2989 12.0285 9.06521 8.43285 13.2853 8.3792 7.91659 6.99748
threshold=-0.018862186108433151 0.31849056745232235 0.023461558818412921 1.7706587013931214 -0.00854048683346572 0.69070384144611818 0.03601199795945853 0.29792375494749551 0.53493881155653245 -0.0044518183415521153 0.062841137928264193 0.013840034383742919 1.4530625028223949 1.0000000180025095e-35 1.0000000180025095e-35 -0.051277776797130192 -0.023345730320085158 0.77831840674244157 0.007432842502659521 0.0094707712928971954 0.57598024862193797 -0.026198551843981881 -0.01115422996087318 -0.06978868507932133 -0.079010744662743979 -0.00070646494027359885 0.0041815413995212993 0.01440298807544649 0.21230969976131686 0.013977062078746176
decision_type=2 2 2 2 2 2 2 2 2 2 2 2 2 2 2 2 2 2 2 2 2 2 2 2 2 2 2 2 2 2
left_child=6 8 3 4 9 -6 7 20 -2 -3 11 -5 14 16 17 -16 -14 -9 25 28 21 -1 -23 -15 -8 26 -10 -26 -20 -21
right_child=1 2 -4 10 5 -7 24 12 18 -11 -12 -13 13 23 15 -17 -18 -19 19 29 -22 22 -24 -25 27 -27 -28 -29 -30 -31
leaf_value=0.028704152381268343 -0.011682500242086296 0.022990908578206251 0.026061938774790301 0.02048308574282369 0.00207041902943996 0.01093604498816067 0.051347444062014996 0.019825088838360604 -0.02121121691693291 0.012448529672031593 0.033032888837200354 0.005750530648752401 -0.020257854403229782 0.042696798276517234 0.05020547258497185 -0.024147839544168465 0.014890758090795476 0.026305272887353133 0.034264819181983035 -0.013268625220982553 -0.014243615178765656 -0.0059620732892535222 0.015037168229487592 0.0083554299075372703 0.03786806279696462 0.0037102658577785868 0.0045107567755721086 0.013346324646232068 0.0092941252601100432 0.01002915652995655
leaf_weight=29.930408477783203 131.79157310724258 233.83684493601322 221.80364012718201 266.61859664320946 1100.4411135166883 1061.7250831872225 33.585553660988808 1275.0326194912195 40.276262864470482 500.94045412540436 72.62376694381237 97.017142742872238 31.602281734347343 18.934572502970695 26.002858102321625 46.161937177181244 15.79424913227558 450.6594999730587 24.99186909198761 19.767899379134178 19.015230655670166 47.95109449326992 71.320627421140671 18.614820435643196 43.525919154286385 89.495634183287621 31.336021274328232 20.197573259472847 22.930628821253777 25.278319105505943
leaf_count=89 515 725 653 838 3871 3509 81 3952 163 1641 211 326 118 50 66 177 51 1338 78 76 70 171 234 62 115 324 111 62 80 87
internal_value=0.013494 0.00989802 0.0112078 0.0102109 0.0088197 0.00642829 0.0200813 0.0192042 -0.00215894 0.0158343 0.0194011 0.0165873 0.0201767 0.00707025 0.02079 0.00292261 -0.0084174 0.0215334 0.00279568 0.0117487 0.00824614 0.0112081 0.00659047 0.0264085 0.0381542 -0.00239283 -0.0100074 0.0304684 0.022812 -0.000195719
internal_weight=6089.2 3940.87 3555.01 3333.2 2896.94 2162.17 2148.33 2051.02 385.868 734.777 436.26 363.636 1882.8 84.9459 1797.86 72.1648 47.3965 1725.69 254.077 92.9687 168.217 149.202 119.272 37.5494 97.309 161.108 71.6123 63.7235 47.9225 45.0462
internal_count=19844 13208 11774 11121 9746 7380 6636 6378 1434 2366 1375 1164 5814 281 5533 243 169 5290 919 321 564 494 405 112 258 598 274 177 158 163
is_linear=0
shrinkage=0.03


end of trees

feature_importances:
atr_ratio=55
btc_1h_return=49
ema_dist_slow=34
ret_24h=32
ret_1h=31
rsi=29
volume_ratio=24
downside_vol=21
realized_vol=20
ret_6h=16
ema_dist_fast=10
regime=9

parameters:
[boosting: gbdt]
[objective: binary]
[metric: binary_logloss]
[tree_learner: serial]
[device_type: cpu]
[data_sample_strategy: bagging]
[data: ]
[valid: ]
[num_iterations: 800]
[learning_rate: 0.03]
[num_leaves: 31]
[num_threads: 0]
[seed: 0]
[deterministic: 0]
[force_col_wise: 0]
[force_row_wise: 0]
[histogram_pool_size: -1]
[max_depth: 6]
[min_data_in_leaf: 50]
[min_sum_hessian_in_leaf: 0.001]
[bagging_fraction: 0.7]
[pos_bagging_fraction: 1]
[neg_bagging_fraction: 1]
[bagging_freq: 5]
[bagging_seed: 3]
[bagging_by_query: 0]
[feature_fraction: 0.7]
[feature_fraction_bynode: 1]
[feature_fraction_seed: 2]
[extra_trees: 0]
[extra_seed: 6]
[early_stopping_round: 0]
[early_stopping_min_delta: 0]
[first_metric_only: 0]
[max_delta_step: 0]
[lambda_l1: 0.1]
[lambda_l2: 1]
[linear_lambda: 0]
[min_gain_to_split: 0]
[drop_rate: 0.1]
[max_drop: 50]
[skip_drop: 0.5]
[xgboost_dart_mode: 0]
[uniform_drop: 0]
[drop_seed: 4]
[top_rate: 0.2]
[other_rate: 0.1]
[min_data_per_group: 100]
[max_cat_threshold: 32]
[cat_l2: 10]
[cat_smooth: 10]
[max_cat_to_onehot: 4]
[top_k: 20]
[monotone_constraints: ]
[monotone_constraints_method: basic]
[monotone_penalty: 0]
[feature_contri: ]
[forcedsplits_filename: ]
[refit_decay_rate: 0.9]
[cegb_tradeoff: 1]
[cegb_penalty_split: 0]
[cegb_penalty_feature_lazy: ]
[cegb_penalty_feature_coupled: ]
[path_smooth: 0]
[interaction_constraints: ]
[verbosity: -1]
[saved_feature_importance_type: 0]
[use_quantized_grad: 0]
[num_grad_quant_bins: 4]
[quant_train_renew_leaf: 0]
[stochastic_rounding: 1]
[linear_tree: 0]
[max_bin: 255]
[max_bin_by_feature: ]
[min_data_in_bin: 3]
[bin_construct_sample_cnt: 200000]
[data_random_seed: 1]
[is_enable_sparse: 1]
[enable_bundle: 1]
[use_missing: 1]
[zero_as_missing: 0]
[feature_pre_filter: 0]
[pre_partition: 0]
[two_round: 0]
[header: 0]
[label_column: ]
[weight_column: ]
[group_column: ]
[ignore_column: ]
[categorical_feature: ]
[forcedbins_filename: ]
[precise_float_parser: 0]
[parser_config_file: ]
[objective_seed: 5]
[num_class: 1]
[is_unbalance: 1]
[scale_pos_weight: 1]
[sigmoid: 1]
[boost_from_average: 1]
[reg_sqrt: 0]
[alpha: 0.9]
[fair_c: 1]
[poisson_max_delta_step: 0.7]
[tweedie_variance_power: 1.5]
[lambdarank_truncation_level: 30]
[lambdarank_norm: 1]
[label_gain: ]
[lambdarank_position_bias_regularization: 0]
[eval_at: ]
[multi_error_top_k: 1]
[auc_mu_weights: ]
[num_machines: 1]
[local_listen_port: 12400]
[time_out: 120]
[machine_list_filename: ]
[machines: ]
[gpu_platform_id: -1]
[gpu_device_id: -1]
[gpu_use_dp: 0]
[num_gpu: 1]

end of parameters

pandas_categorical:null
