tree
version=v4
num_class=1
num_tree_per_iteration=1
label_index=0
max_feature_idx=15
objective=binary sigmoid:1
feature_names=rsi ema_dist_fast ema_dist_slow atr_ratio volume_ratio ret_1h ret_6h ret_24h realized_vol downside_vol funding_zscore oi_change_pct btc_1h_return regime breakout_strength spread_pct
feature_infos=[5.1522248243561108:100] [-0.28765913472936128:0.33844120713331949] [-0.41483327349200022:0.44894550722090493] [0.0014771418556907556:0.15581336268947407] [0.03508252058035706:121.57483351668758] [-0.12888869961459015:0.16853270477312909] [-0.26276276276276267:0.63217845277645934] [-0.30164765525982251:1.2302204928664073] [0.074457003967985033:6.5644838980905256] [0.022325911536142145:7.1074155037424545] none none [-0.030945974933798248:0.034525908588434406] [0:1] [0:0.10689366452693273] none
tree_sizes=6816 6843

Tree=0
num_leaves=63
num_cat=0
split_feature=7 8 12 12 9 2 12 12 13 12 2 7 8 12 2 8 12 7 12 12 2 2 9 13 12 9 2 8 12 5 12 8 7 12 12 12 12 12 12 12 12 2 2 7 0 0 12 8 12 12 12 8 9 12 8 6 6 12 12 6 8 7
split_gain=311.365 148.267 125.115 98.2019 71.909 70.9469 62.2658 59.999 51.3508 45.7861 44.9789 47.2005 41.6857 40.9696 38.7696 38.507 37.3105 55.0882 37.6818 36.5493 35.3575 31.3706 29.3269 28.7102 57.1704 33.9805 41.0301 28.737 28.3814 27.6951 29.279 27.4206 36.1045 24.8488 33.716 26.261 24.1139 23.4897 24.6821 23.2966 22.1303 19.2197 17.6351 17.9826 15.1099 15.376 14.8751 15.5031 13.4475 20.0055 19.7525 13.4072 12.469 11.1631 10.476 9.77309 9.28661 9.10371 8.22715 18.1282 8.21251 8.06148
threshold=-0.02785540886846782 0.31849056745232235 -0.011103368075038532 -0.00031562889233138764 0.83525144893172887 -0.076035593833736814 0.0091205682468081823 -0.00073977352116644235 1.0000000180025095e-35 0.0073223402044964034 -0.01153160224695024 0.05089569213910284 1.1046513471249375 0.0032368909642160886 -0.024512370403321587 0.71770737811806062 -0.0060339693624368853 -0.0020470829068577885 -0.00078876901767349617 0.007826237202038901 -0.026639373373809342 0.0018031379679214177 0.3871843196276884 1.0000000180025095e-35 -0.019820942471541144 1.4530625028223949 -0.16349850970248112 0.88089848200107579 0.0069113698172150748 0.0033518724713959007 -0.0075213302401517792 3.3255312225487299 -0.12101330738455755 0.0042023955599911353 0.0016008419535147313 0.0061897602936983329 -0.00017808416224623921 0.0057979518688336959 0.001531686478564054 -0.00070945625325141693 0.0036376701253008075 -0.015129621581476941 0.038576341621125471 -0.018457482373397057 62.458766313213211 60.310852666361797 0.0005541798172947755 0.97629126512244213 0.00084987411228865117 0.00058162343072687428 0.0013429020109623215 0.98900741249836377 0.70083657866460936 9.6419925688096e-05 1.0328524173873526 -0.0080768195930031022 -0.0065815043762321715 -0.014261725566853177 -0.00099685057468740213 -0.00084746310483196907 0.1545183537973589 0.007432842502659521
decision_type=2 2 2 2 2 2 2 2 2 2 2 2 2 2 2 2 2 2 2 2 2 2 2 2 2 2 2 2 2 2 2 2 2 2 2 2 2 2 2 2 2 2 2 2 2 2 2 2 2 2 2 2 2 2 2 2 2 2 2 2 2 2
left_child=5 36 20 7 10 23 9 14 46 21 33 19 42 -13 29 -11 17 -16 -18 -12 54 28 -22 24 -1 27 -27 -26 37 30 -4 32 -28 34 -5 -35 39 38 -7 44 52 -38 43 -9 45 58 -6 -48 49 53 60 -39 -29 -43 -3 -17 -23 -24 -2 -60 -50 -46
right_child=1 2 3 4 8 6 -8 12 -10 15 11 13 -14 -15 16 55 18 -19 -20 -21 22 56 57 -25 25 26 31 40 -30 -31 -32 -33 -34 35 -36 -37 41 51 -40 -41 -42 48 -44 -45 61 -47 47 -49 50 -51 -52 -53 -54 -55 -56 -57 -58 -59 59 -61 -62 -63
leaf_value=-0.63341070645202635 -0.60454718146311726 -0.60092893763362676 -0.59766337178533491 -0.5559783611299256 -0.4931044084397273 -0.55435268691547612 -0.49930242747709097 -0.57481526458239207 -0.63710502680405057 -0.52631823127159794 -0.56822232735586919 -0.56281190184953511 -0.53425036134096016 -0.52315450041093503 -0.59643458050104892 -0.59328347494690781 -0.57973389888885585 -0.53861810952795841 -0.52549496528202899 -0.5973261977955916 -0.58143762169112589 -0.48139657009913978 -0.50790680866076443 -0.47445599688563772 -0.57868109453204974 -0.49868611461454859 -0.5026496833734071 -0.54569665768610487 -0.47239497879826181 -0.63860707869849553 -0.53714137052010758 -0.64724441054280735 -0.60944366334095512 -0.61508916349551102 -0.52517643844318029 -0.55148404816943464 -0.50490479184539838 -0.63852799730667464 -0.53801560624032996 -0.6428349792855621 -0.55412050719214268 -0.5681287211910141 -0.54106498050138008 -0.61349974896905712 -0.67096553325764052 -0.53507179398421534 -0.58648336033645965 -0.52614658591289931 -0.58461523826645612 -0.53536853706887322 -0.58783171337180673 -0.5705020953878932 -0.49032748901879031 -0.60565302215274341 -0.53182112680931171 -0.65308832200328004 -0.52650115035594514 -0.47044622746057785 -0.52895173757240954 -0.62642734363827257 -0.64439335296954403 -0.60821526550801353
leaf_weight=11.930158972740172 113.24913507699966 11.52816352248192 23.24229484796524 233.90122574567795 31.883224844932556 1056.2382392287254 60.345763862133026 35.484269738197327 10.598324507474898 11.783628225326536 1395.5047748982906 176.24165371060371 23.009353041648865 103.5749529004097 57.740374356508255 10.38229686021805 1257.0730405151844 143.5130726993084 32.773626804351807 116.85578870773315 9.007256865501402 16.592499732971191 28.691712349653244 29.319112658500671 13.603869199752806 23.493991076946259 15.476692914962767 11.454898148775099 11.295221716165541 8.3497967123985273 141.26454490423203 11.32905003428459 16.025219112634662 27.22465255856514 143.93759104609489 39.878000110387802 7.0010480880737296 11.056671172380449 297.29197135567665 40.91870129108429 18.442800551652908 39.306951016187668 10.352237015962599 192.87744691967964 10.541973292827608 9.8938903510570508 11.67092579603195 126.85668480396271 7.260281264781951 24.527155309915543 105.76905769109726 20.548566073179245 117.26707342267036 39.769066154956818 10.309031486511229 19.765257805585861 39.861085951328278 42.231693387031555 11.368487089872362 8.077417850494383 26.696808993816376 10.010361254215239
leaf_count=48 426 43 86 778 88 3498 170 124 43 36 4795 597 72 314 213 38 4449 455 100 432 32 44 83 76 48 66 44 37 29 34 446 47 61 105 439 131 20 45 941 168 61 135 33 741 46 31 42 388 26 77 382 71 321 150 32 83 122 108 35 32 110 38
internal_value=-0.562625 -0.56919 -0.56641 -0.567695 -0.560986 -0.544987 -0.54909 -0.576122 -0.530672 -0.551107 -0.563441 -0.566978 -0.598372 -0.548111 -0.572621 -0.602588 -0.575223 -0.555201 -0.57835 -0.570471 -0.511627 -0.54962 -0.496232 -0.521233 -0.52702 -0.521414 -0.55164 -0.508981 -0.551104 -0.550206 -0.545692 -0.580853 -0.556869 -0.549208 -0.544228 -0.57729 -0.596393 -0.551755 -0.55076 -0.609148 -0.502557 -0.585997 -0.604577 -0.607481 -0.600671 -0.594878 -0.524028 -0.531217 -0.588367 -0.574725 -0.598486 -0.594349 -0.495209 -0.586998 -0.568192 -0.632541 -0.51306 -0.485451 -0.599382 -0.569425 -0.631607 -0.640642
internal_weight=6723.47 4899.97 4445.58 4343.81 2418.13 1823.5 1555.16 1925.68 181.009 1494.82 2237.12 1792.18 261.723 279.817 1663.96 41.9312 1491.1 201.253 1289.85 1512.36 101.768 1452.88 79.9307 268.343 239.024 227.094 66.325 160.769 1396.43 172.857 164.507 42.831 31.5019 444.941 377.839 67.1027 454.39 1385.14 1353.53 204.06 147.165 250.33 238.714 228.362 163.141 142.589 170.411 138.528 243.329 103.603 139.726 31.6052 128.722 79.076 21.8372 30.1476 56.4536 70.9234 132.695 19.4459 33.9571 20.5523
internal_count=22765 16879 15203 14905 8152 5886 5077 6753 561 4907 7591 6138 970 911 5783 157 5217 668 4549 5227 298 4750 223 809 733 685 218 467 4584 566 532 152 105 1453 1217 236 1676 4555 4439 776 419 900 898 865 608 524 518 430 880 362 518 116 358 285 75 121 166 191 493 67 136 84
is_linear=0
shrinkage=1


Tree=1
num_leaves=63
num_cat=0
split_feature=7 3 3 3 4 13 7 7 1 5 9 9 9 5 9 7 3 1 1 13 9 5 7 0 3 1 4 3 7 8 9 5 8 0 1 5 8 8 5 8 7 5 3 8 7 1 4 4 4 5 0 9 3 5 5 3 9 5 3 0 9 9
split_gain=272.749 147.483 103.863 63.3912 58.9842 68.163 58.3457 35.492 42.2205 34.4324 30.4695 30.3041 30.1388 41.1163 25.6834 25.3408 24.0473 20.9674 20.6956 45.563 35.9528 26.7838 20.5249 20.2966 20.168 18.4935 17.2039 16.9278 28.753 26.4238 16.7961 15.7119 15.1533 14.5469 15.7947 17.5124 13.9317 21.8552 13.706 12.3066 12.0907 12.0802 11.6551 10.0703 9.66417 8.79968 8.75636 8.51269 11.3145 15.7561 12.9921 10.5719 9.01137 8.47368 8.46207 15.6934 14.1552 14.0432 11.4682 17.0355 14.4116 8.42019
threshold=-0.02785540886846782 0.0063411203108882878 0.023846753711470454 0.033761985912252331 0.70072414397653782 1.0000000180025095e-35 0.0030650494671063959 0.04922336704629638 0.0047441119696515818 -0.0063456810108151176 0.24093661671399327 0.72615410587326001 0.35548716128875996 -0.0093400907540487337 2.2594558231517978 0.0052038165667614997 0.006432870406907213 -0.0094634268166891508 -0.038225126743218069 1.0000000180025095e-35 1.4530625028223949 0.0023976709043724846 0.034720405216783219 34.057141253402939 0.0041815413995212993 0.0060112700263636265 0.83174164789770944 0.017077757101773949 -0.044181030158316086 1.1390990213514931 0.6063881639251224 0.0034248788511351829 0.62858084563081307 62.458766313213211 -0.00056245190230971409 -0.0018525612905612718 1.3143388325798611 0.82234093449121748 0.0027119257611042395 0.85082490347472794 -0.025395625395015827 0.01440298807544649 0.017175231555376817 0.81512481393030467 -0.033757855248309536 -0.0078545616806093878 0.26562640635297846 0.715136228645742 0.53493881155653245 -0.00070646494027359885 41.860026513535594 0.15526244569304495 0.0039594367409984477 -0.027461408111286941 0.0014677921061506673 0.0045065292094287916 0.11239623840210848 0.0036158722784597201 0.0053816323076653081 57.142857142857167 0.23159632497568008 0.41581236970777685
decision_type=2 2 2 2 2 2 2 2 2 2 2 2 2 2 2 2 2 2 2 2 2 2 2 2 2 2 2 2 2 2 2 2 2 2 2 2 2 2 2 2 2 2 2 2 2 2 2 2 2 2 2 2 2 2 2 2 2 2 2 2 2 2
left_child=3 24 4 14 6 7 10 8 15 22 38 -10 31 -14 16 -6 44 39 19 20 21 -18 61 36 26 -24 47 28 -25 -29 40 -9 -19 34 35 -28 37 -20 46 -11 -12 53 -7 -32 -1 -26 -3 48 50 -50 -2 -51 -52 -5 58 -56 -57 -58 -47 60 -60 -8
right_child=1 2 -4 41 5 42 9 12 11 17 30 -13 13 -15 -16 -17 18 32 23 -21 -22 -23 25 27 45 -27 33 29 -30 -31 43 -33 -34 -35 -36 -37 -38 -39 -40 -41 -42 -43 -44 -45 -46 54 -48 -49 49 51 52 -53 -54 -55 55 56 57 -59 59 -61 -62 -63
leaf_value=-0.043050465500506022 0.010623337909514894 -0.055468570678820044 0.058001786853604236 0.053020373305704221 0.030379579075442104 -0.059167446987537037 0.029618516774468102 0.045826437907953807 0.016054697319977895 0.0069745922235720879 0.00020399130385202681 0.051806274242040241 0.074818627969154936 0.014252137188629025 -0.027339122296533704 0.04786059879675348 0.04662762415385744 0.01300028284031407 0.021140230046065078 0.11088771034561846 -0.017895051340299464 0.091879940835653956 -0.051617678719301022 0.060347873141435943 0.032745373575542483 0.027890281953466808 -0.049263092147607448 0.024695225647562255 0.040987513709131514 0.050898820319613181 0.068865065306048578 0.07397236784002427 -0.00072765071698245023 -0.039870737175823436 0.033260914529163597 0.017345629462338152 -0.013850342401080318 0.051200654344910959 0.044306748665436775 0.069948111361400001 0.02850175672122084 0.054630534939822888 0.014516924174346899 0.038339560913094067 0.023398775586827653 0.011405054889399135 -0.0014021815430889893 -0.048931532324246164 -0.038456070807959292 0.034149739611370286 -0.045517686970807984 -0.030923892466772535 0.01067520573212144 0.098858724583457389 -0.032813326203599023 0.076194256527798293 0.034303479706023626 -0.0043679302606127552 -0.043741963736081357 0.019884807434319425 0.0010653894675790821 0.064040676396599119
leaf_weight=10.262385234236719 17.397220075130463 8.216276213526724 251.26721575856209 12.262172564864157 780.92018188536167 24.203590095043186 29.370327219367027 109.26334646344185 650.17263941466808 12.675613582134245 40.300900787115097 65.170269310474396 37.101419493556023 113.96729320287704 12.565792277455328 283.08477331697941 169.77009955048561 342.71545769274235 153.10686698555946 34.997582316398621 18.110907047986984 40.665139555931091 10.281748935580252 347.18249410390854 33.456070199608803 24.643952235579491 16.256915718317032 208.88359332084656 432.14120514690876 179.04761900007725 33.185548216104507 92.330119669437408 485.81436622142792 14.761268526315687 47.285620182752609 24.772759571671486 16.82075522840023 100.21683929860592 15.471726030111311 20.074487492442131 604.44675701856613 29.715030252933502 6.8304030299186698 150.85074815154076 11.491914540529249 104.68868155777454 75.551247149705887 22.358778715133667 16.387391284108162 29.141384229063988 54.237651079893112 7.8430876284837714 8.157989099621771 70.945024400949478 14.164862126111982 11.120201587677 51.550812438130379 42.962312757968903 42.694685444235802 29.625551700592041 30.860178574919701 46.316526219248772
leaf_count=41 62 34 774 38 2620 101 99 351 2274 45 146 205 109 397 49 904 538 1207 523 89 69 112 42 1062 112 83 67 706 1398 562 100 271 1768 60 159 87 63 315 50 60 2040 92 24 493 39 373 276 92 66 98 222 31 29 190 56 33 172 158 173 103 112 141
internal_value=0.0296685 0.0235306 0.0268069 0.0460519 0.0248762 0.0305232 0.0184457 0.0315947 0.0287186 0.00988129 0.0274124 0.0193193 0.0460922 0.0291698 0.0436841 0.035035 0.044204 0.00650572 0.0448721 0.0577774 0.0495974 0.0554142 0.0361309 0.0425018 0.00072118 0.00438918 -0.00993474 0.0453633 0.0496197 0.0368006 0.0305471 0.0587501 0.00495109 0.0058996 0.0135919 -0.00908975 0.0301237 0.0330499 0.00122372 0.0456855 0.026734 0.0823615 -0.0429393 0.0438811 -0.0079787 0.00835389 -0.00677102 -0.0204295 -0.0156071 0.00220516 -0.0275155 0.0202903 -0.0381574 0.0921813 0.00585267 0.016431 0.0230639 0.0167335 -0.000246341 -0.0120725 -0.0249602 0.0507464
internal_weight=6782.14 4933.95 4314.23 1848.19 4062.96 2163.04 1899.92 2132.01 1779.35 971.892 928.023 715.343 352.662 151.069 1735.26 1064 1722.7 861.28 1700.94 263.544 228.546 210.435 110.613 1437.4 619.723 34.9257 258.6 1167.25 779.324 387.931 828.784 201.593 828.53 103.077 88.3153 41.0297 270.144 253.324 99.2392 32.7501 644.748 112.922 31.034 184.036 21.7543 361.123 83.7675 155.524 133.165 53.3719 79.7929 36.9845 62.3956 83.2072 327.667 119.798 105.633 94.5131 207.869 103.18 73.5549 75.6869
internal_count=22765 16879 14614 5886 13840 7256 6584 7131 6003 3445 3139 2479 1128 506 5566 3524 5517 3080 5437 808 719 650 365 4629 2265 125 973 3728 2460 1268 2779 622 2975 373 313 154 901 838 360 105 2186 320 125 593 80 1292 310 600 508 195 313 129 251 228 1180 419 363 330 761 388 285 240
is_linear=0
shrinkage=0.05


end of trees

feature_importances:
btc_1h_return=27
realized_vol=15
ret_24h=14
downside_vol=14
ret_1h=12
atr_ratio=10
ema_dist_slow=8
rsi=6
ema_dist_fast=6
volume_ratio=5
regime=4
ret_6h=3

parameters:
[boosting: gbdt]
[objective: binary]
[metric: binary_logloss]
[tree_learner: serial]
[device_type: cpu]
[data_sample_strategy: bagging]
[data: ]
[valid: ]
[num_iterations: 500]
[learning_rate: 0.05]
[num_leaves: 63]
[num_threads: 0]
[seed: 0]
[deterministic: 0]
[force_col_wise: 0]
[force_row_wise: 0]
[histogram_pool_size: -1]
[max_depth: 8]
[min_data_in_leaf: 30]
[min_sum_hessian_in_leaf: 0.001]
[bagging_fraction: 0.8]
[pos_bagging_fraction: 1]
[neg_bagging_fraction: 1]
[bagging_freq: 5]
[bagging_seed: 3]
[bagging_by_query: 0]
[feature_fraction: 0.8]
[feature_fraction_bynode: 1]
[feature_fraction_seed: 2]
[extra_trees: 0]
[extra_seed: 6]
[early_stopping_round: 0]
[early_stopping_min_delta: 0]
[first_metric_only: 0]
[max_delta_step: 0]
[lambda_l1: 0.01]
[lambda_l2: 0.1]
[linear_lambda: 0]
[min_gain_to_split: 0]
[drop_rate: 0.1]
[max_drop: 50]
[skip_drop: 0.5]
[xgboost_dart_mode: 0]
[uniform_drop: 0]
[drop_seed: 4]
[top_rate: 0.2]
[other_rate: 0.1]
[min_data_per_group: 100]
[max_cat_threshold: 32]
[cat_l2: 10]
[cat_smooth: 10]
[max_cat_to_onehot: 4]
[top_k: 20]
[monotone_constraints: ]
[monotone_constraints_method: basic]
[monotone_penalty: 0]
[feature_contri: ]
[forcedsplits_filename: ]
[refit_decay_rate: 0.9]
[cegb_tradeoff: 1]
[cegb_penalty_split: 0]
[cegb_penalty_feature_lazy: ]
[cegb_penalty_feature_coupled: ]
[path_smooth: 0]
[interaction_constraints: ]
[verbosity: -1]
[saved_feature_importance_type: 0]
[use_quantized_grad: 0]
[num_grad_quant_bins: 4]
[quant_train_renew_leaf: 0]
[stochastic_rounding: 1]
[linear_tree: 0]
[max_bin: 255]
[max_bin_by_feature: ]
[min_data_in_bin: 3]
[bin_construct_sample_cnt: 200000]
[data_random_seed: 1]
[is_enable_sparse: 1]
[enable_bundle: 1]
[use_missing: 1]
[zero_as_missing: 0]
[feature_pre_filter: 0]
[pre_partition: 0]
[two_round: 0]
[header: 0]
[label_column: ]
[weight_column: ]
[group_column: ]
[ignore_column: ]
[categorical_feature: ]
[forcedbins_filename: ]
[precise_float_parser: 0]
[parser_config_file: ]
[objective_seed: 5]
[num_class: 1]
[is_unbalance: 1]
[scale_pos_weight: 1]
[sigmoid: 1]
[boost_from_average: 1]
[reg_sqrt: 0]
[alpha: 0.9]
[fair_c: 1]
[poisson_max_delta_step: 0.7]
[tweedie_variance_power: 1.5]
[lambdarank_truncation_level: 30]
[lambdarank_norm: 1]
[label_gain: ]
[lambdarank_position_bias_regularization: 0]
[eval_at: ]
[multi_error_top_k: 1]
[auc_mu_weights: ]
[num_machines: 1]
[local_listen_port: 12400]
[time_out: 120]
[machine_list_filename: ]
[machines: ]
[gpu_platform_id: -1]
[gpu_device_id: -1]
[gpu_use_dp: 0]
[num_gpu: 1]

end of parameters

pandas_categorical:null
